00111100000010100000100000000000
00110100000000010000000000000000
00110100000101000000000000011101
00110100000101010000000000011011
00110100000101100000000000011100
00110100000101110000000000100011
00110100000110000000000000010101
00110100000110010000000000100100
10001100000000010110000000000000
00010000001101000000000000000110
00010000001101010000000000001010
00010000001101100000000000001110
00010000001101110000000000010010
00010000001110000000000000010110
00010000001110010000000000100010
00001000000000000000000000001000
00110100000010100010000000011110
00110100000010111111000000011101
00100000000011000000000000000001
00110100000011010000000000010000
00001000000000000000000000111110
00110100000010100010000000011110
00110100000010111111000000011011
00100000000011001111111111111111
00110100000011010000000000010000
00001000000000000000000000111110
00110100000010100010000000011111
00110100000010111111000000011100
00100000000011000000000000000001
00110100000011010000000000010000
00001000000000000000000000111110
00110100000010100010000000011111
00110100000010111111000000100011
00100000000011001111111111111111
00110100000011010000000000010000
00001000000000000000000000111110
00110100000010100010000000011111
10001101010000010000000000000000
00000000000000010000100001000000
10101101010000010000000000000000
00110100000010100010000000011110
10001101010000010000000000000000
00000000000000010000100001000000
10101101010000010000000000000000
00110100000010100010000000011101
00110100000010111111000000010101
00100000000011000000000000000001
00110100000011010000000000010101
00001000000000000000000000111110
00110100000010100010000000011111
10001101010000010000000000000000
00000000000000010000100001000011
10101101010000010000000000000000
00110100000010100010000000011110
10001101010000010000000000000000
00000000000000010000100001000011
10101101010000010000000000000000
00110100000010100010000000011101
00110100000010111111000000100100
00100000000011001111111111111111
00110100000011010000000000010101
00001000000000000000000000111110
10001101010000010000000000000000
00000000001011000000100000100000
10101101010000010000000000000000
00110100000010000000000000000001
00000001101010000010000000000100
00110100000000110000000000000000
00100000011000110000000000000001
10001100000000010110000000000000
00010000001010111111111111000001
00010100011001001111111111111100
00001000000000000000000000111110
00000000000000000000000000000000
00000000000000000000000000000000
